350317177160342,
350612071078834,
350544501210432,
350317176444234,
350612071156275,
350317172179826,
350317177875758,
350317175720865,
350317172794392,
350317177680513,
350317177860719,
350317171798964,
350317172794426,
350317177890518,
350544501338779,
350317176451114,
350317175720840,
350317177146713,
350317178016709,
350317176990426,
350612071082844,
350317170564854,
350317178011445,
350317176450819,
350317177151697,
350317170557916,
350317179543453,
350317177887431,
350317177722133,
350317177886037,
350612071056459,
350317177993619,
350317177893181,
350317178044800,
350317177657396,
350317171796265,
350317175744659,
350317177081282,
350317177861683,
350612071160665,
350317172793352,
350317171771243,
350317175732654,
350317171764156,
350544501317641,
350317171678877,
350317171695806,
350317175730179,
350317177157314,
350612071068785,
350612071076259,
350317171798790,
350424068344702,
350317172797114,
350544505640121,
350317175716475,
350612073647461,
350612071076747,
350317171802287,
350317171710613,
350317178010876,
350317176466179,
350317172790663,
350317177164930,
350544501273521,
350317177891680,
350612072960303,
350317177886342,
350317172124020,
350317172122339,
350317171973815,
350317176466500,
867481033484456,
350612071141863,
350317177899444,
350317175732555,
350544507243809,
350317177081308,
357544375106255,
350317172180766,
350317172794665,
350544506277832,
350317178067207,
352625695770188,
350317176471179
